1.4000000000 1.9938170079
1.4100000000 2.0004567309
1.4200000000 2.0070077439
1.4300000000 2.0134720820
1.4400000000 2.0198517150
1.4500000000 2.0261485502
1.4600000000 2.0323644345
1.4700000000 2.0385011572
1.4800000000 2.0445604522
1.4900000000 2.0505440000
1.5000000000 2.0564534303
1.5100000000 2.0622903234
1.5200000000 2.0680562124
1.5300000000 2.0737525850
1.5400000000 2.0793808850
1.5500000000 2.0849425144
1.5600000000 2.0904388345
1.5700000000 2.0958711676
1.5800000000 2.1012407984
1.5900000000 2.1065489755
1.6000000000 2.1117969125
1.6100000000 2.1169857893
1.6200000000 2.1221167534
1.6300000000 2.1271909209
1.6400000000 2.1322093777
1.6500000000 2.1371731807
1.6600000000 2.1420833584
1.6700000000 2.1469409120
1.6800000000 2.1517468167
1.6900000000 2.1565020222
1.7000000000 2.1612074534
1.7100000000 2.1658640118
1.7200000000 2.1704725758
1.7300000000 2.1750340015
1.7400000000 2.1795491235
1.7500000000 2.1840187559
1.7600000000 2.1884436922
1.7700000000 2.1928247068
1.7800000000 2.1971625551
1.7900000000 2.2014579739
1.8000000000 2.2057116829
1.8100000000 2.2099243840
1.8200000000 2.2140967628
1.8300000000 2.2182294886
1.8400000000 2.2223232153
1.8500000000 2.2263785813
1.8600000000 2.2303962103
1.8700000000 2.2343767120
1.8800000000 2.2383206819
1.8900000000 2.2422287022
1.9000000000 2.2461013419
1.9100000000 2.2499391574
1.9200000000 2.2537426928
1.9300000000 2.2575124801
1.9400000000 2.2612490397
1.9500000000 2.2649528806
1.9600000000 2.2686245010
1.9700000000 2.2722643882
1.9800000000 2.2758730192
1.9900000000 2.2794508609
2.0000000000 2.2829983702
2.0100000000 2.2865159947
2.0200000000 2.2900041724
2.0300000000 2.2934633324
2.0400000000 2.2968938949
2.0500000000 2.3002962717
2.0600000000 2.3036708658
2.0700000000 2.3070180726
2.0800000000 2.3103382791
2.0900000000 2.3136318649
2.1000000000 2.3168992018
2.1100000000 2.3201406544
2.1200000000 2.3233565802
2.1300000000 2.3265473296
2.1400000000 2.3297132463
2.1500000000 2.3328546673
2.1600000000 2.3359719232
2.1700000000 2.3390653382
2.1800000000 2.3421352305
2.1900000000 2.3451819121
2.2000000000 2.3482056893
2.2100000000 2.3512068627
2.2200000000 2.3541857272
2.2300000000 2.3571425723
2.2400000000 2.3600776823
2.2500000000 2.3629913361
2.2600000000 2.3658838078
2.2700000000 2.3687553664
2.2800000000 2.3716062759
2.2900000000 2.3744367960
2.3000000000 2.3772471813
2.3100000000 2.3800376823
2.3200000000 2.3828085450
2.3300000000 2.3855600108
2.3400000000 2.3882923172
2.3500000000 2.3910056977
2.3600000000 2.3937003813
2.3700000000 2.3963765936
2.3800000000 2.3990345560
2.3900000000 2.4016744862
2.4000000000 2.4042965984
2.4100000000 2.4069011029
2.4200000000 2.4094882069
2.4300000000 2.4120581137
2.4400000000 2.4146110235
2.4500000000 2.4171471332
2.4600000000 2.4196666364
2.4700000000 2.4221697234
2.4800000000 2.4246565818
2.4900000000 2.4271273958
2.5000000000 2.4295823467
2.5100000000 2.4320216131
2.5200000000 2.4344453705
2.5300000000 2.4368537918
2.5400000000 2.4392470471
2.5500000000 2.4416253038
2.5600000000 2.4439887267
2.5700000000 2.4463374781
2.5800000000 2.4486717177
2.5900000000 2.4509916027
2.6000000000 2.4532972879
2.6100000000 2.4555889260
2.6200000000 2.4578666670
2.6300000000 2.4601306588
2.6400000000 2.4623810470
2.6500000000 2.4646179752
2.6600000000 2.4668415846
2.6700000000 2.4690520144
2.6800000000 2.4712494019
2.6900000000 2.4734338820
2.7000000000 2.4756055881
2.7100000000 2.4777646512
2.7200000000 2.4799112006
2.7300000000 2.4820453638
2.7400000000 2.4841672664
2.7500000000 2.4862770319
2.7600000000 2.4883747826
2.7700000000 2.4904606386
2.7800000000 2.4925347184
2.7900000000 2.4945971389
2.8000000000 2.4966480154
2.8100000000 2.4986874614
2.8200000000 2.5007155890
2.8300000000 2.5027325086
2.8400000000 2.5047383291
2.8500000000 2.5067331580
2.8600000000 2.5087171013
2.8700000000 2.5106902633
2.8800000000 2.5126527473
2.8900000000 2.5146046548
2.9000000000 2.5165460862
2.9100000000 2.5184771405
2.9200000000 2.5203979152
2.9300000000 2.5223085067
2.9400000000 2.5242090100
2.9500000000 2.5260995189
2.9600000000 2.5279801259
2.9700000000 2.5298509224
2.9800000000 2.5317119986
2.9900000000 2.5335634432
3.0000000000 2.5354053442
3.0100000000 2.5372377882
3.0200000000 2.5390608608
3.0300000000 2.5408746464
3.0400000000 2.5426792283
3.0500000000 2.5444746888
3.0600000000 2.5462611093
3.0700000000 2.5480385699
3.0800000000 2.5498071498
3.0900000000 2.5515669273
3.1000000000 2.5533179796
3.1100000000 2.5550603830
3.1200000000 2.5567942127
3.1300000000 2.5585195433
3.1400000000 2.5602364482
3.1500000000 2.5619449999
3.1600000000 2.5636452701
3.1700000000 2.5653373297
3.1800000000 2.5670212486
3.1900000000 2.5686970959
3.2000000000 2.5703649399
3.2100000000 2.5720248481
3.2200000000 2.5736768870
3.2300000000 2.5753211225
3.2400000000 2.5769576197
3.2500000000 2.5785864428
3.2600000000 2.5802076555
3.2700000000 2.5818213204
3.2800000000 2.5834274997
3.2900000000 2.5850262546
3.3000000000 2.5866176458
3.3100000000 2.5882017332
3.3200000000 2.5897785759
3.3300000000 2.5913482326
3.3400000000 2.5929107609
3.3500000000 2.5944662183
3.3600000000 2.5960146611
3.3700000000 2.5975561453
3.3800000000 2.5990907262
3.3900000000 2.6006184583
3.4000000000 2.6021393957
3.4100000000 2.6036535919
3.4200000000 2.6051610996
3.4300000000 2.6066619711
3.4400000000 2.6081562580
3.4500000000 2.6096440115
3.4600000000 2.6111252819
3.4700000000 2.6126001193
3.4800000000 2.6140685731
3.4900000000 2.6155306921
3.5000000000 2.6169865248
3.5100000000 2.6184361188
3.5200000000 2.6198795215
3.5300000000 2.6213167797
3.5400000000 2.6227479397
3.5500000000 2.6241730473
3.5600000000 2.6255921476
3.5700000000 2.6270052857
3.5800000000 2.6284125057
3.5900000000 2.6298138516
3.6000000000 2.6312093667
3.6100000000 2.6325990941
3.6200000000 2.6339830762
3.6300000000 2.6353613550
3.6400000000 2.6367339723
3.6500000000 2.6381009691
3.6600000000 2.6394623862
3.6700000000 2.6408182639
3.6800000000 2.6421686423
3.6900000000 2.6435135607
3.7000000000 2.6448530583
3.7100000000 2.6461871738
3.7200000000 2.6475159455
3.7300000000 2.6488394113
3.7400000000 2.6501576088
3.7500000000 2.6514705752
3.7600000000 2.6527783471
3.7700000000 2.6540809611
3.7800000000 2.6553784532
3.7900000000 2.6566708591
3.8000000000 2.6579582142
3.8100000000 2.6592405534
3.8200000000 2.6605179113
3.8300000000 2.6617903224
3.8400000000 2.6630578205
3.8500000000 2.6643204393
3.8600000000 2.6655782121
3.8700000000 2.6668311719
3.8800000000 2.6680793513
3.8900000000 2.6693227828
3.9000000000 2.6705614983
3.9100000000 2.6717955295
3.9200000000 2.6730249080
3.9300000000 2.6742496647
3.9400000000 2.6754698307
3.9500000000 2.6766854363
3.9600000000 2.6778965118
3.9700000000 2.6791030872
3.9800000000 2.6803051922
3.9900000000 2.6815028561
4.0000000000 2.6826961081
4.0100000000 2.6838849770
4.0200000000 2.6850694915
4.0300000000 2.6862496797
4.0400000000 2.6874255699
4.0500000000 2.6885971897
4.0600000000 2.6897645667
4.0700000000 2.6909277282
4.0800000000 2.6920867013
4.0900000000 2.6932415126
4.1000000000 2.6943921888
4.1100000000 2.6955387561
4.1200000000 2.6966812407
4.1300000000 2.6978196682
4.1400000000 2.6989540645
4.1500000000 2.7000844547
4.1600000000 2.7012108640
4.1700000000 2.7023333174
4.1800000000 2.7034518395
4.1900000000 2.7045664548
4.2000000000 2.7056771875
4.2100000000 2.7067840617
4.2200000000 2.7078871012
4.2300000000 2.7089863296
4.2400000000 2.7100817704
4.2500000000 2.7111734467
4.2600000000 2.7122613815
4.2700000000 2.7133455976
4.2800000000 2.7144261176
4.2900000000 2.7155029640
4.3000000000 2.7165761588
4.3100000000 2.7176457243
4.3200000000 2.7187116821
4.3300000000 2.7197740539
4.3400000000 2.7208328612
4.3500000000 2.7218881253
4.3600000000 2.7229398672
4.3700000000 2.7239881079
4.3800000000 2.7250328680
4.3900000000 2.7260741682
4.4000000000 2.7271120288
4.4100000000 2.7281464701
4.4200000000 2.7291775121
4.4300000000 2.7302051746
4.4400000000 2.7312294775
4.4500000000 2.7322504401
4.4600000000 2.7332680820
4.4700000000 2.7342824223
4.4800000000 2.7352934802
4.4900000000 2.7363012744
4.5000000000 2.7373058238
4.5100000000 2.7383071470
4.5200000000 2.7393052624
4.5300000000 2.7403001884
4.5400000000 2.7412919429
4.5500000000 2.7422805442
4.5600000000 2.7432660099
4.5700000000 2.7442483579
4.5800000000 2.7452276057
4.5900000000 2.7462037707
4.6000000000 2.7471768702
4.6100000000 2.7481469213
4.6200000000 2.7491139411
4.6300000000 2.7500779464
4.6400000000 2.7510389540
4.6500000000 2.7519969805
4.6600000000 2.7529520424
4.6700000000 2.7539041559
4.6800000000 2.7548533374
4.6900000000 2.7557996029
4.7000000000 2.7567429683
4.7100000000 2.7576834496
4.7200000000 2.7586210624
4.7300000000 2.7595558223
4.7400000000 2.7604877448
4.7500000000 2.7614168453
4.7600000000 2.7623431389
4.7700000000 2.7632666409
4.7800000000 2.7641873661
4.7900000000 2.7651053295
4.8000000000 2.7660205459
4.8100000000 2.7669330299
4.8200000000 2.7678427960
4.8300000000 2.7687498587
4.8400000000 2.7696542323
4.8500000000 2.7705559311
4.8600000000 2.7714549691
4.8700000000 2.7723513604
4.8800000000 2.7732451187
4.8900000000 2.7741362581
4.9000000000 2.7750247920
4.9100000000 2.7759107342
4.9200000000 2.7767940981
4.9300000000 2.7776748970
4.9400000000 2.7785531444
4.9500000000 2.7794288533
4.9600000000 2.7803020368
4.9700000000 2.7811727080
4.9800000000 2.7820408798
4.9900000000 2.7829065649
5.0000000000 2.7837697761
5.0100000000 2.7846305260
5.0200000000 2.7854888270
5.0300000000 2.7863446917
5.0400000000 2.7871981324
5.0500000000 2.7880491614
5.0600000000 2.7888977908
5.0700000000 2.7897440326
5.0800000000 2.7905878989
5.0900000000 2.7914294017
5.1000000000 2.7922685526
5.1100000000 2.7931053634
5.1200000000 2.7939398459
5.1300000000 2.7947720115
5.1400000000 2.7956018718
5.1500000000 2.7964294381
5.1600000000 2.7972547218
5.1700000000 2.7980777342
5.1800000000 2.7988984863
5.1900000000 2.7997169893
5.2000000000 2.8005332542
5.2100000000 2.8013472920
5.2200000000 2.8021591133
5.2300000000 2.8029687292
5.2400000000 2.8037761502
5.2500000000 2.8045813870
5.2600000000 2.8053844502
5.2700000000 2.8061853502
5.2800000000 2.8069840974
5.2900000000 2.8077807022
5.3000000000 2.8085751749
5.3100000000 2.8093675257
5.3200000000 2.8101577646
5.3300000000 2.8109459017
5.3400000000 2.8117319471
5.3500000000 2.8125159107
5.3600000000 2.8132978023
5.3700000000 2.8140776316
5.3800000000 2.8148554085
5.3900000000 2.8156311426
5.4000000000 2.8164048435
5.4100000000 2.8171765206
5.4200000000 2.8179461836
5.4300000000 2.8187138417
5.4400000000 2.8194795043
5.4500000000 2.8202431807
5.4600000000 2.8210048801
5.4700000000 2.8217646116
5.4800000000 2.8225223844
5.4900000000 2.8232782074
5.5000000000 2.8240320897
5.5100000000 2.8247840402
5.5200000000 2.8255340677
5.5300000000 2.8262821809
5.5400000000 2.8270283888
5.5500000000 2.8277726998
5.5600000000 2.8285151228
5.5700000000 2.8292556661
5.5800000000 2.8299943384
5.5900000000 2.8307311481
5.6000000000 2.8314661036
5.6100000000 2.8321992132
5.6200000000 2.8329304853
5.6300000000 2.8336599281
5.6400000000 2.8343875498
5.6500000000 2.8351133585
5.6600000000 2.8358373623
5.6700000000 2.8365595692
5.6800000000 2.8372799872
5.6900000000 2.8379986243
5.7000000000 2.8387154883
5.7100000000 2.8394305871
5.7200000000 2.8401439284
5.7300000000 2.8408555200
5.7400000000 2.8415653695
5.7500000000 2.8422734847
5.7600000000 2.8429798730
5.7700000000 2.8436845420
5.7800000000 2.8443874993
5.7900000000 2.8450887522
5.8000000000 2.8457883081
5.8100000000 2.8464861745
5.8200000000 2.8471823586
5.8300000000 2.8478768677
5.8400000000 2.8485697090
5.8500000000 2.8492608896
5.8600000000 2.8499504168
5.8700000000 2.8506382975
5.8800000000 2.8513245389
5.8900000000 2.8520091479
5.9000000000 2.8526921315
5.9100000000 2.8533734966
5.9200000000 2.8540532500
5.9300000000 2.8547313987
5.9400000000 2.8554079493
5.9500000000 2.8560829087
5.9600000000 2.8567562835
5.9700000000 2.8574280804
5.9800000000 2.8580983061
5.9900000000 2.8587669670
6.0000000000 2.8594340699
6.0100000000 2.8600996211
6.0200000000 2.8607636271
6.0300000000 2.8614260944
6.0400000000 2.8620870294
6.0500000000 2.8627464383
6.0600000000 2.8634043276
6.0700000000 2.8640607035
6.0800000000 2.8647155723
6.0900000000 2.8653689400
6.1000000000 2.8660208131
6.1100000000 2.8666711974
6.1200000000 2.8673200992
6.1300000000 2.8679675245
6.1400000000 2.8686134793
6.1500000000 2.8692579696
6.1600000000 2.8699010014
6.1700000000 2.8705425806
6.1800000000 2.8711827131
6.1900000000 2.8718214046
6.2000000000 2.8724586611
6.2100000000 2.8730944883
6.2200000000 2.8737288920
6.2300000000 2.8743618779
6.2400000000 2.8749934516
6.2500000000 2.8756236189
6.2600000000 2.8762523853
6.2700000000 2.8768797564
6.2800000000 2.8775057378
6.2900000000 2.8781303350
6.3000000000 2.8787535535
6.3100000000 2.8793753987
6.3200000000 2.8799958761
6.3300000000 2.8806149911
6.3400000000 2.8812327490
6.3500000000 2.8818491552
6.3600000000 2.8824642150
6.3700000000 2.8830779336
6.3800000000 2.8836903164
6.3900000000 2.8843013685
6.4000000000 2.8849110951
6.4100000000 2.8855195014
6.4200000000 2.8861265925
6.4300000000 2.8867323736
6.4400000000 2.8873368496
6.4500000000 2.8879400256
6.4600000000 2.8885419067
6.4700000000 2.8891424978
6.4800000000 2.8897418040
6.4900000000 2.8903398301
6.5000000000 2.8909365810
6.5100000000 2.8915320617
6.5200000000 2.8921262769
6.5300000000 2.8927192315
6.5400000000 2.8933109304
6.5500000000 2.8939013783
6.5600000000 2.8944905799
6.5700000000 2.8950785399
6.5800000000 2.8956652631
6.5900000000 2.8962507541
6.6000000000 2.8968350177
6.6100000000 2.8974180583
6.6200000000 2.8979998806
6.6300000000 2.8985804892
6.6400000000 2.8991598885
6.6500000000 2.8997380833
6.6600000000 2.9003150778
6.6700000000 2.9008908767
6.6800000000 2.9014654843
6.6900000000 2.9020389052
6.7000000000 2.9026111436
6.7100000000 2.9031822040
6.7200000000 2.9037520907
6.7300000000 2.9043208080
6.7400000000 2.9048883604
6.7500000000 2.9054547520
6.7600000000 2.9060199871
6.7700000000 2.9065840700
6.7800000000 2.9071470049
6.7900000000 2.9077087960
6.8000000000 2.9082694474
6.8100000000 2.9088289634
6.8200000000 2.9093873480
6.8300000000 2.9099446053
6.8400000000 2.9105007396
6.8500000000 2.9110557547
6.8600000000 2.9116096548
6.8700000000 2.9121624439
6.8800000000 2.9127141259
6.8900000000 2.9132647050
6.9000000000 2.9138141850
6.9100000000 2.9143625699
6.9200000000 2.9149098636
6.9300000000 2.9154560700
6.9400000000 2.9160011931
6.9500000000 2.9165452365
6.9600000000 2.9170882043
6.9700000000 2.9176301002
6.9800000000 2.9181709281
6.9900000000 2.9187106916
7.0000000000 2.9192493947
7.0100000000 2.9197870410
7.0200000000 2.9203236342
7.0300000000 2.9208591781
7.0400000000 2.9213936764
7.0500000000 2.9219271326
7.0600000000 2.9224595506
7.0700000000 2.9229909339
7.0800000000 2.9235212861
7.0900000000 2.9240506108
7.1000000000 2.9245789117
7.1100000000 2.9251061922
7.1200000000 2.9256324559
7.1300000000 2.9261577064
7.1400000000 2.9266819471
7.1500000000 2.9272051816
7.1600000000 2.9277274133
7.1700000000 2.9282486456
7.1800000000 2.9287688821
7.1900000000 2.9292881261
7.2000000000 2.9298063811
7.2100000000 2.9303236504
7.2200000000 2.9308399374
7.2300000000 2.9313552454
7.2400000000 2.9318695779
7.2500000000 2.9323829381
7.2600000000 2.9328953293
7.2700000000 2.9334067548
7.2800000000 2.9339172180
7.2900000000 2.9344267219
7.3000000000 2.9349352700
7.3100000000 2.9354428655
7.3200000000 2.9359495114
7.3300000000 2.9364552111
7.3400000000 2.9369599677
7.3500000000 2.9374637844
7.3600000000 2.9379666644
7.3700000000 2.9384686107
7.3800000000 2.9389696265
7.3900000000 2.9394697148
7.4000000000 2.9399688789
7.4100000000 2.9404671217
7.4200000000 2.9409644463
7.4300000000 2.9414608558
7.4400000000 2.9419563532
7.4500000000 2.9424509416
7.4600000000 2.9429446238
7.4700000000 2.9434374029
7.4800000000 2.9439292819
7.4900000000 2.9444202638
7.5000000000 2.9449103514
7.5100000000 2.9453995477
7.5200000000 2.9458878557
7.5300000000 2.9463752783
7.5400000000 2.9468618182
7.5500000000 2.9473474785
7.5600000000 2.9478322619
7.5700000000 2.9483161714
7.5800000000 2.9487992098
7.5900000000 2.9492813798
7.6000000000 2.9497626843
7.6100000000 2.9502431261
7.6200000000 2.9507227080
7.6300000000 2.9512014328
7.6400000000 2.9516793032
7.6500000000 2.9521563219
7.6600000000 2.9526324917
7.6700000000 2.9531078154
7.6800000000 2.9535822955
7.6900000000 2.9540559349
7.7000000000 2.9545287362
7.7100000000 2.9550007021
7.7200000000 2.9554718352
7.7300000000 2.9559421382
7.7400000000 2.9564116137
7.7500000000 2.9568802643
7.7600000000 2.9573480927
7.7700000000 2.9578151015
7.7800000000 2.9582812932
7.7900000000 2.9587466704
7.8000000000 2.9592112357
7.8100000000 2.9596749916
7.8200000000 2.9601379407
7.8300000000 2.9606000855
7.8400000000 2.9610614286
7.8500000000 2.9615219723
7.8600000000 2.9619817193
7.8700000000 2.9624406720
7.8800000000 2.9628988329
7.8900000000 2.9633562044
7.9000000000 2.9638127890
7.9100000000 2.9642685891
7.9200000000 2.9647236073
7.9300000000 2.9651778457
7.9400000000 2.9656313070
7.9500000000 2.9660839935
7.9600000000 2.9665359076
7.9700000000 2.9669870516
7.9800000000 2.9674374279
7.9900000000 2.9678870389
8.0000000000 2.9683358869
8.0100000000 2.9687839743
8.0200000000 2.9692313033
8.0300000000 2.9696778763
8.0400000000 2.9701236957
8.0500000000 2.9705687636
8.0600000000 2.9710130823
8.0700000000 2.9714566543
8.0800000000 2.9718994816
8.0900000000 2.9723415666
8.1000000000 2.9727829115
8.1100000000 2.9732235185
8.1200000000 2.9736633900
8.1300000000 2.9741025279
8.1400000000 2.9745409347
8.1500000000 2.9749786125
8.1600000000 2.9754155634
8.1700000000 2.9758517897
8.1800000000 2.9762872934
8.1900000000 2.9767220769
8.2000000000 2.9771561422
8.2100000000 2.9775894914
8.2200000000 2.9780221267
8.2300000000 2.9784540503
8.2400000000 2.9788852641
8.2500000000 2.9793157704
8.2600000000 2.9797455712
8.2700000000 2.9801746687
8.2800000000 2.9806030648
8.2900000000 2.9810307616
8.3000000000 2.9814577613
8.3100000000 2.9818840659
8.3200000000 2.9823096773
8.3300000000 2.9827345977
8.3400000000 2.9831588290
8.3500000000 2.9835823734
8.3600000000 2.9840052327
8.3700000000 2.9844274090
8.3800000000 2.9848489042
8.3900000000 2.9852697205
8.4000000000 2.9856898597
8.4100000000 2.9861093237
8.4200000000 2.9865281146
8.4300000000 2.9869462344
8.4400000000 2.9873636849
8.4500000000 2.9877804680
8.4600000000 2.9881965858
8.4700000000 2.9886120401
8.4800000000 2.9890268328
8.4900000000 2.9894409659
8.5000000000 2.9898544412
8.5100000000 2.9902672606
8.5200000000 2.9906794260
8.5300000000 2.9910909392
8.5400000000 2.9915018022
8.5500000000 2.9919120168
8.5600000000 2.9923215848
8.5700000000 2.9927305081
8.5800000000 2.9931387884
8.5900000000 2.9935464277
8.6000000000 2.9939534278
8.6100000000 2.9943597903
8.6200000000 2.9947655173
8.6300000000 2.9951706104
8.6400000000 2.9955750714
8.6500000000 2.9959789022
8.6600000000 2.9963821044
8.6700000000 2.9967846799
8.6800000000 2.9971866304
8.6900000000 2.9975879577
8.7000000000 2.9979886636
8.7100000000 2.9983887496
8.7200000000 2.9987882177
8.7300000000 2.9991870694
8.7400000000 2.9995853066
8.7500000000 2.9999829309
8.7600000000 3.0003799441
8.7700000000 3.0007763478
8.7800000000 3.0011721437
8.7900000000 3.0015673335
8.8000000000 3.0019619190
8.8100000000 3.0023559016
8.8200000000 3.0027492832
8.8300000000 3.0031420654
8.8400000000 3.0035342498
8.8500000000 3.0039258381
8.8600000000 3.0043168318
8.8700000000 3.0047072327
8.8800000000 3.0050970424
8.8900000000 3.0054862625
8.9000000000 3.0058748945
8.9100000000 3.0062629401
8.9200000000 3.0066504009
8.9300000000 3.0070372785
8.9400000000 3.0074235745
8.9500000000 3.0078092905
8.9600000000 3.0081944279
8.9700000000 3.0085789885
8.9800000000 3.0089629737
8.9900000000 3.0093463851
9.0000000000 3.0097292242
9.0100000000 3.0101114927
9.0200000000 3.0104931920
9.0300000000 3.0108743237
9.0400000000 3.0112548893
9.0500000000 3.0116348903
9.0600000000 3.0120143282
9.0700000000 3.0123932046
9.0800000000 3.0127715209
9.0900000000 3.0131492786
9.1000000000 3.0135264793
9.1100000000 3.0139031244
9.1200000000 3.0142792154
9.1300000000 3.0146547537
9.1400000000 3.0150297409
9.1500000000 3.0154041783
9.1600000000 3.0157780676
9.1700000000 3.0161514100
9.1800000000 3.0165242070
9.1900000000 3.0168964602
9.2000000000 3.0172681709
9.2100000000 3.0176393405
9.2200000000 3.0180099705
9.2300000000 3.0183800623
9.2400000000 3.0187496173
9.2500000000 3.0191186370
9.2600000000 3.0194871226
9.2700000000 3.0198550757
9.2800000000 3.0202224975
9.2900000000 3.0205893896
9.3000000000 3.0209557532
9.3100000000 3.0213215898
9.3200000000 3.0216869007
9.3300000000 3.0220516873
9.3400000000 3.0224159509
9.3500000000 3.0227796929
9.3600000000 3.0231429147
9.3700000000 3.0235056176
9.3800000000 3.0238678030
9.3900000000 3.0242294721
9.4000000000 3.0245906263
9.4100000000 3.0249512669
9.4200000000 3.0253113953
9.4300000000 3.0256710128
9.4400000000 3.0260301207
9.4500000000 3.0263887202
9.4600000000 3.0267468127
9.4700000000 3.0271043996
9.4800000000 3.0274614820
9.4900000000 3.0278180612
9.5000000000 3.0281741386
9.5100000000 3.0285297154
9.5200000000 3.0288847930
9.5300000000 3.0292393725
9.5400000000 3.0295934552
9.5500000000 3.0299470424
9.5600000000 3.0303001353
9.5700000000 3.0306527353
9.5800000000 3.0310048435
9.5900000000 3.0313564611
9.6000000000 3.0317075895
9.6100000000 3.0320582298
9.6200000000 3.0324083833
9.6300000000 3.0327580512
9.6400000000 3.0331072347
9.6500000000 3.0334559350
9.6600000000 3.0338041534
9.6700000000 3.0341518911
9.6800000000 3.0344991491
9.6900000000 3.0348459288
9.7000000000 3.0351922314
9.7100000000 3.0355380580
9.7200000000 3.0358834098
9.7300000000 3.0362282879
9.7400000000 3.0365726937
9.7500000000 3.0369166281
9.7600000000 3.0372600925
9.7700000000 3.0376030879
9.7800000000 3.0379456156
9.7900000000 3.0382876766
9.8000000000 3.0386292722
9.8100000000 3.0389704034
9.8200000000 3.0393110715
9.8300000000 3.0396512775
9.8400000000 3.0399910226
9.8500000000 3.0403303079
9.8600000000 3.0406691345
9.8700000000 3.0410075037
9.8800000000 3.0413454164
9.8900000000 3.0416828738
9.9000000000 3.0420198770
9.9100000000 3.0423564272
9.9200000000 3.0426925254
9.9300000000 3.0430281727
9.9400000000 3.0433633702
9.9500000000 3.0436981190
9.9600000000 3.0440324202
9.9700000000 3.0443662749
9.9800000000 3.0446996841
9.9900000000 3.0450326490
10.0000000000 3.0453651706
