1.0000000000 2.0000000000
1.0100000000 4.0200000000
1.0200000000 8.1204000000
1.0300000000 16.4844120000
1.0400000000 33.6282004800
1.0500000000 68.9378109840
1.0600000000 142.0118906270
1.0700000000 293.9646135980
1.0800000000 611.4463962838
1.0900000000 1277.9229682331
1.1000000000 2683.6382332895
1.1100000000 5662.4766722409
1.1200000000 12004.4505451507
1.1300000000 25569.4796611710
1.1400000000 54718.6864749060
1.1500000000 117645.1759210478
1.1600000000 254113.5799894634
1.1700000000 551426.4685771355
1.1800000000 1202109.7014981555
1.1900000000 2632620.2462809612
1.2000000000 5791764.5418181149
1.2100000000 12799799.6374180336
1.2200000000 28415555.1950680353
1.2300000000 63366688.0850017294
1.2400000000 141941381.3104038835
1.2500000000 319368107.9484087229
1.2600000000 721771923.9634038210
1.2700000000 1638422267.3969271183
1.2800000000 3735602769.6649942398
1.2900000000 8554530342.5328369141
1.3000000000 19675419787.8255271912
1.3100000000 45450219709.8769760132
1.3200000000 105444509726.9145965576
1.3300000000 245685707663.7110290527
1.3400000000 574904555933.0838623047
1.3500000000 1351025706442.7473144531
1.3600000000 3188420667204.8842773438
1.3700000000 7556556981275.5761718750
1.3800000000 17984605615435.8750000000
1.3900000000 42983207420891.7500000000
1.4000000000 103159697810140.2187500000
1.4100000000 248614871722437.9375000000
1.4200000000 601647989568299.8750000000
1.4300000000 1462004614650969.0000000000
1.4400000000 3567291259748365.0000000000
1.4500000000 8739863586383495.0000000000
1.4600000000 21500064422503400.0000000000
1.4700000000 53105159123583408.0000000000
1.4800000000 131700794626486880.0000000000
1.4900000000 327934978619952384.0000000000
1.5000000000 819837446549881088.0000000000
1.5100000000 2057791990840201984.0000000000
1.5200000000 5185635816917309440.0000000000
1.5300000000 13119658616800794624.0000000000
1.5400000000 33323932886674026496.0000000000
1.5500000000 84976028861018783744.0000000000
1.5600000000 217538633884208136192.0000000000
1.5700000000 559074289082414989312.0000000000
1.5800000000 1442411665832631074816.0000000000
1.5900000000 3735846214506515529728.0000000000
1.6000000000 9713200157716941635584.0000000000
1.6100000000 25351452411641221611520.0000000000
1.6200000000 66420805318500010688512.0000000000
1.6300000000 174686717987655065272320.0000000000
1.6400000000 461172935487409493114880.0000000000
1.6500000000 1222108279041635374858240.0000000000
1.6600000000 3250808022250750795055104.0000000000
1.6700000000 8679657419409507768860672.0000000000
1.6800000000 23261481884017485072564224.0000000000
1.6900000000 62573386268007047257653248.0000000000
1.7000000000 168948142923619055083454464.0000000000
1.7100000000 457849467323007765376401408.0000000000
1.7200000000 1245350551118581385706602496.0000000000
1.7300000000 3399807004553727644773908480.0000000000
1.7400000000 9315471192477216275557253120.0000000000
1.7500000000 25617545779312351904608026624.0000000000
1.7600000000 70704426350902106385998151680.0000000000
1.7700000000 195851260991998876910461386752.0000000000
1.7800000000 544466505557756998141635198976.0000000000
1.7900000000 1519061550506142650393297944576.0000000000
1.8000000000 4253372341417200321821159718912.0000000000
1.8100000000 11951976279382334137177856802816.0000000000
1.8200000000 33704573107858192535048706588672.0000000000
1.8300000000 95383941895238721758668787810304.0000000000
1.8400000000 270890394982478023117238945447936.0000000000
1.8500000000 772037625700062466764762647625728.0000000000
1.8600000000 2208027609502179283289441182941184.0000000000
1.8700000000 6337039239271256828707579078115328.0000000000
1.8800000000 18250673009101223540494083223977984.0000000000
1.8900000000 52744444996302542073336584657174528.0000000000
1.9000000000 152958890489277419051873483465162752.0000000000
1.9100000000 445110371323797478151143710932336640.0000000000
1.9200000000 1299722284265489064165802145984020480.0000000000
1.9300000000 3808186292897883504029424869535907840.0000000000
1.9400000000 11196067701119779685941007443646480384.0000000000
1.9500000000 33028399718303362233619665348093542400.0000000000
1.9600000000 97764063166177971100980140908937740288.0000000000
1.9700000000 290359267603548634805096658545789632512.0000000000
1.9800000000 865270617458575240750850681456035889152.0000000000
1.9900000000 2587159146201140825160060914903688413184.0000000000
2.0000000000 7761477438603424591100367070312120975360.0000000000
2.0100000000 23362047090196313036254256282350559166464.0000000000
2.0200000000 70553382212392873493469361783006742708224.0000000000
2.0300000000 213776748103550442082560164518852665802752.0000000000
2.0400000000 649881314234793365594933587631466914775040.0000000000
2.0500000000 1982138008416119784407360556110040885362688.0000000000
2.0600000000 6065342305753325339484685194877858457059328.0000000000
2.0700000000 18620600878662705028880264120718989769834496.0000000000
2.0800000000 57351450706281113761649850925168951935631360.0000000000
2.0900000000 177215982682408580121672090803910426484539392.0000000000
2.1000000000 549369546315466374557624378695368620340412416.0000000000
2.1100000000 1708539289041099580301999415684757662080172032.0000000000
2.1200000000 5330642581808227724239833642879644403404636160.0000000000
2.1300000000 16684911281059742255370697407909254560019906560.0000000000
2.1400000000 52390621422527559751189344292037662798904295424.0000000000
2.1500000000 165030457480961686958246651788270248744909275136.0000000000
2.1600000000 521496245639838477273380681999583306573374554112.0000000000
2.1700000000 1653143098678286463134045866108332723204211605504.0000000000
2.1800000000 5256995053796946046045734538812389098470361792512.0000000000
2.1900000000 16769814221612240888604052550419572322408096333824.0000000000
2.2000000000 53663405509159114766726895985204243302345552691200.0000000000
2.2100000000 172259531684400568882357999591297179637413207605248.0000000000
2.2200000000 554675692023769149741077421549019634666472722137088.0000000000
2.2300000000 1791602485236772206960466878964198680324304539746304.0000000000
2.2400000000 5804792052167134360660056755974369443512432508010496.0000000000
2.2500000000 18865574169543160419892267704828210841225965114228736.0000000000
2.2600000000 61501771792710614761278992430722641445760126068719616.0000000000
2.2700000000 201110793762163430706150231764956648398934694082641920.0000000000
2.2800000000 659643403539894997840835305279821070287222758109609984.0000000000
2.2900000000 2170226797646250885711609671584475248626369501251764224.0000000000
2.3000000000 7161748432232616115050179759664086141368141471773884416.0000000000
2.3100000000 23705387310689917091357418100768501515337289543230423040.0000000000
2.3200000000 78701885871490384274745563131153707349881853449607315456.0000000000
2.3300000000 262077279952062512059707986503617969721325992143128363008.0000000000
2.3400000000 875338115039887046291460321081946153458760773054152835072.0000000000
2.3500000000 2932382685383615881799206358976314930896651273335509876736.0000000000
2.3600000000 9852805822888929905445147648191727177898555392711899217920.0000000000
2.3700000000 33203955623135626670045065746312104030465954922276193304576.0000000000
2.3800000000 112229370006198174397607302282823974637574207590702273003520.0000000000
2.3900000000 380457564321010979390092849546530094739084993948596532412416.0000000000
2.4000000000 1293555718691434511112122594187437231998099316672333854277632.0000000000
2.4100000000 4411025000737781283608837067378977600177373768468720974299136.0000000000
2.4200000000 15085705502523175052771935540194381604165728935228896146620416.0000000000
2.4300000000 51743969873654361807445672241762247929556883459333422969782272.0000000000
2.4400000000 177999256365370558859613726586272080753801700633785979956625408.0000000000
2.4500000000 614097434460526871794783230143984372645594779457064919103438848.0000000000
2.4600000000 2124777123233417333186752832349293015375697611173634973628366848.0000000000
2.4700000000 7372976617619938510883534787571340696847943167510144281036718080.0000000000
2.4800000000 25657958629317318204198728906852860974054604187403190062737784832.0000000000
2.4900000000 89546275616317194737308197573663701303735402389558887584219791360.0000000000
2.5000000000 313411964657109316371609391613295377981652940323908470232703827968.0000000000
2.5100000000 1100075995946450625932584544288815809987892931946655940724618428416.0000000000
2.5200000000 3872267505731494709566141101730193963554679493133351770807240491008.0000000000
2.5300000000 13669104295232135153916594084612962193177396633216160118612399489024.0000000000
2.5400000000 48388629205121611720389326563686455058044720589092665822638344503296.0000000000
2.5500000000 171779633678181203492190461087490466569593133641045205069307431616512.0000000000
2.5600000000 611535495894323214787638185087058863804378432384916915185005392560128.0000000000
2.5700000000 2183181720342727113697484536985032101101406810905937429762380664930304.0000000000
2.5800000000 7815790558826937482023939886391924629339418108631435483699677925212160.0000000000
2.5900000000 28058688106188616828974128057182110471035639007085121861486669320945664.0000000000
2.6000000000 101011277182278692017262899359284365666125679399217470843684213391097856.0000000000
2.6100000000 364650710628024861135660332632720806189838620941633807087838737012359168.0000000000
2.6200000000 1320035572473445417969215010315998326328963158340824259486480883832061952.0000000000
2.6300000000 4791729128078590699768093282127431570019003115531379088306683960631492608.0000000000
2.6400000000 17441894026206009918364708511741921910469655662974957379335839984287481856.0000000000
2.6500000000 63662913195651711638716602609353688747847627915592558372809790241814609920.0000000000
2.6600000000 233006262296084403379344670497633702546813454079236474401316851819506302976.0000000000
2.6700000000 855132982626626624864336080371540537093272695777269689604241227503068250112.0000000000
2.6800000000 3146889376065974473824359881396896296054662357736118398770172232414590402560.0000000000
2.6900000000 11612021797683401979176730798394781925425635494836293098375280111935255740416.0000000000
2.7000000000 42964480651428427111230891332730221590454244916982813000350056269714766692352.0000000000
2.7100000000 159398223216798858895578964745814464824233403410998093562546292150366302633984.0000000000
2.7200000000 592961390366489408190678869484312185621351638267755176425643846906082544844800.0000000000
2.7300000000 2211745986066996853652306246844763138779433184648575648704356972665405312073728.0000000000
2.7400000000 8271929987890535273203342219442389775002353486855058121954906437163952994516992.0000000000
2.7500000000 31019737454589385095799152223360331649797020692431472989192875846059970095218688.0000000000
2.7600000000 116634212829255618793945428937568107778423467051766357761715203734894849602617344.0000000000
2.7700000000 439710982366291847918132307071350038475421617432464052413247832762976365700972544.0000000000
2.7800000000 1662107513344576195553742078589222004617596348688121113054595073399536713730097152.0000000000
2.7900000000 6299387475575917054995302831410311199863624599645665129279604576830790025997189120.0000000000
2.8000000000 23937672407188383709182148944459952558175197155038501351970912864810197960250884096.0000000000
2.8100000000 91202531871387353102153180498289980661622408620073299619293743923520245511737049088.0000000000
2.8200000000 348393671748698178823612322396132826827882576959165974129242995290382671241625468928.0000000000
2.8300000000 1334347762797508143851669222536623918088119187291370533708316338961684602913885782016.0000000000
2.8400000000 5123895409142408738188587543349869870980487344710760596569140605300766269547730698240.0000000000
2.8500000000 19726997325198184997721420450593354138129270156590773377860330017005632269088263766016.0000000000
2.8600000000 76146209675264646864345975906026201130611551647289872423248483973494150332086998794240.0000000000
2.8700000000 294685831443272859610069612326186968389292320141530026155270770697281081613030560628736.0000000000
2.8800000000 1143381025999893407997228746510499159332683228965477887736889190015718417752001207074816.0000000000
2.8900000000 4447752191139564614324679325693812421891479038812333168635549629394576297398481520164864.0000000000
2.9000000000 17346233545444221427640095475880439447010734374283777624412946026414357214611298985181184.0000000000
2.9100000000 67823773162686586972188404699024088227610937351232574600260266726595333246507217791746048.0000000000
2.9200000000 265869190797730127316231598278303678145136730481611144182410309115077328011111955339149312.0000000000
2.9300000000 1044865919835074361022265902917083990812587631870257694120401202056886302963326905724436480.0000000000
2.9400000000 4116771724150172877121608131302347729542674815750440010729621409060883776294222259575324672.0000000000
2.9500000000 16261248310393102398174589155553781917325467687922022820779379497601652558923916176315645952.0000000000
2.9600000000 64394543309156365114534464556744763799639706130816168853897521066266917459135956163569385472.0000000000
2.9700000000 255646336937349508166999751050295438897883560575873956198371447727210509996374949770660151296.0000000000
2.9800000000 1017472421010645871808914116825469207251241008133453157898353117774910647807158426726423330816.0000000000
2.9900000000 4059714959832456598161342294064101602067856689558016469058334534300774362854439766445835419648.0000000000
3.0000000000 16238859839329743022341118308595701437162220502938411521844378875996989041957273368330000924672.0000000000
